0
1
400
0 14.610395074906695
1 14.610395074906695
2 -4.335825638613801
3 2.869058549199943
4 -1.8636725982246112
5 1.5772695057125716
6 -0.7500803108275746
7 1.8070913308995418
8 -0.9815897966375298
9 1.0375483447608151
10 -0.7194490159625727
11 0.8281664357191597
12 -0.36026421573226924
13 0.9549578542615947
14 -0.4827487977609639
15 0.7256146502129627
16 -0.4157023099520476
17 0.5667348726090281
18 -0.2984763615002209
19 0.5878320637238152
20 -0.3081083401603441
21 0.47598196885831523
22 -0.2671626811219799
23 0.42303770049935907
24 -0.24383909033145812
25 0.39756948777089385
26 -0.2206454250520209
27 0.36821487287737564
28 -0.20079189263205285
29 0.3386191839643117
30 -0.176932957975682
31 0.321306667481411
32 -0.16355688666576682
33 0.3033782886339351
34 -0.14576897631539162
35 0.2880928590479659
36 -0.1357317125847495
37 0.2759325212622056
38 -0.123866985751512
39 0.26387531075970705
40 -0.11339781912636067
41 0.25360121510573713
42 -0.10174367901414369
43 0.24103130118585303
44 -0.09452248125558496
45 0.2338392813003238
46 -0.08533668225414191
47 0.22557380634367197
48 -0.07970362901231877
49 0.2187760156686107
50 -0.07279351917253175
51 0.211054567201292
52 -0.06578023263722968
53 0.20466939105851767
54 -0.059882531543579545
55 0.19800966331152292
56 -0.054584461885021814
57 0.19340643310062183
58 -0.05005302043030167
59 0.18792905214927863
60 -0.04550730680912264
61 0.18371310709858013
62 -0.04117750115850513
63 0.17850390600043053
64 -0.036619152395773645
65 0.17401036141161874
66 -0.03285984824886531
67 0.1695843303720482
68 -0.02912478618969304
69 0.16598590825257004
70 -0.02570651849358742
71 0.16214616131451842
72 -0.02260447188861118
73 0.158494968183083
74 -0.01930265956932717
75 0.15509433061181535
76 -0.016114475942307235
77 0.1518014303435054
78 -0.013573639077488618
79 0.14875154982085773
80 -0.010819109816639041
81 0.14564451140731077
82 -0.008185893853388089
83 0.14277664821806307
84 -0.00573675382306732
85 0.1400489198997088
86 -0.0033288843713629584
87 0.13724588748144972
88 -0.0011393965635676032
89 0.13478578247277787
90 0.0009549810323730284
91 0.13224996583629978
92 0.003041114862452114
93 0.12977346682207436
94 0.004881815499221433
95 0.12745394260150067
96 0.006913818248728151
97 0.12508306743988729
98 0.008615675292137602
99 0.12295123325461754
100 0.010378770986286832
101 0.12066705407162945
102 0.011906835470397822
103 0.11874328511558689
104 0.013728671289106091
105 0.11656612983951276
106 0.015184456500617317
107 0.1144502983956128
108 0.01674356075260537
109 0.11258466059510645
110 0.01817022094025942
111 0.11066488719242054
112 0.019479151048846642
113 0.10886309635213848
114 0.020776597423769437
115 0.10699786510510224
116 0.022106734460330797
117 0.10520929970897444
118 0.02328647940510028
119 0.10355241201381694
120 0.024637186568524636
121 0.1016994285567385
122 0.02574386274022438
123 0.10006551810232397
124 0.026904259150119396
125 0.09840017262370421
126 0.027852368288682615
127 0.09681918581646437
128 0.029036843513520448
129 0.09518696184185671
130 0.029861675713199934
131 0.09372480790109053
132 0.031008550665256998
133 0.09206208004921064
134 0.03180489482089047
135 0.09069117296083601
136 0.03279599161211565
137 0.08905381564324133
138 0.033710354189190245
139 0.08762170185291715
140 0.03453565550981149
141 0.08613233762295654
142 0.035388797610261806
143 0.0847827422679001
144 0.03608810514709364
145 0.0833901670039347
146 0.03685741992059363
147 0.08200707564853466
148 0.03762806044720744
149 0.08062419952275027
150 0.03837703883062189
151 0.07926734150935413
152 0.03902385807952619
153 0.07794611862111489
154 0.03971752800939406
155 0.07659463967399553
156 0.04036488386734316
157 0.07530493088260168
158 0.04094898579318195
159 0.07397221454376424
160 0.041583588805391654
161 0.0727349196112503
162 0.0421805155566202
163 0.07146553233411021
164 0.042755751561306
165 0.07022721291684328
166 0.043259192591722416
167 0.06899474018148537
168 0.04380936050914744
169 0.06781093934618221
170 0.044319292302094665
171 0.06657290511607213
172 0.0448246040298879
173 0.06537848613463587
174 0.045285483438109814
175 0.06418918107348737
176 0.045742708200814435
177 0.06301040197172941
178 0.046169308248124485
179 0.06186470210632263
180 0.046616350999242835
181 0.06071882278553887
182 0.047026721861993824
183 0.05955255492037783
184 0.04741749456317783
185 0.05841161565846451
186 0.04778393780866117
187 0.05729146992355112
188 0.048158028210782064
189 0.05618498042454088
190 0.04848713242349631
191 0.05507491909183667
192 0.0488139718967803
193 0.05398430481217505
194 0.04915284946124262
195 0.05288257321580199
196 0.0494569612606154
197 0.0518041325924081
198 0.049734226958437926
199 0.050738625156600846
200 0.05000821487634883
201 0.04966678150502077
202 0.050284201069788315
203 0.04861163905291582
204 0.05053397476327043
205 0.047571014079013554
206 0.05076254770874772
207 0.046522735562887406
208 0.050986884161494515
209 0.045485292820435536
210 0.05119834629239556
211 0.04445888131469386
212 0.05140173565721586
213 0.043433447794512976
214 0.05157946082808953
215 0.04242684762363485
216 0.05176552373207684
217 0.04140280713259875
218 0.051927869820417236
219 0.04041433023457427
220 0.05208378164910952
221 0.03942116151565003
222 0.052226554263690404
223 0.03842713465206387
224 0.052360269083102345
225 0.03744145690127232
226 0.052486305525365054
227 0.03647253490039956
228 0.05258797283516337
229 0.035497377693806675
230 0.052687642851190694
231 0.034536160102604296
232 0.052768832131998185
233 0.03356432900345478
234 0.05286474886424496
235 0.03262699509760302
236 0.0529084376236547
237 0.031668458299732444
238 0.05298180217368954
239 0.03071276202056611
240 0.05301725214752277
241 0.02978557145754898
242 0.05305232023721109
243 0.028864212363791438
244 0.053072573786396626
245 0.02794743511582576
246 0.05311676591269015
247 0.027009547637925877
248 0.05311022058433101
249 0.026069029576365796
250 0.053083682435574
251 0.025215822501175576
252 0.05308745135746541
253 0.024290587272244528
254 0.053077809324489696
255 0.023383063044163828
256 0.05304838290375968
257 0.02248348712015751
258 0.05299330667634471
259 0.021585772434333156
260 0.05295742051296303
261 0.020710339262448224
262 0.05287077438389732
263 0.019812830272727858
264 0.0528575389513449
265 0.01896248190344437
266 0.052738473665675675
267 0.018080362261809757
268 0.052650311734546665
269 0.017196778017864706
270 0.05254928127952853
271 0.016359326958915257
272 0.052471859780418184
273 0.015477617962329073
274 0.052369126330777734
275 0.014610932618009151
276 0.052227619427551726
277 0.013796900597773278
278 0.052099760686357396
279 0.012936200854922034
280 0.05198870548884295
281 0.012099757149075468
282 0.05183129959357029
283 0.011254356022696947
284 0.05166693539282647
285 0.010422366930168018
286 0.051504420213303995
287 0.009619134864921547
288 0.05133451071746149
289 0.008793075943024762
290 0.05115687271083931
291 0.007969194377234538
292 0.05099200959445277
293 0.0071502773677006685
294 0.05078063879574189
295 0.006341158989120483
296 0.05059064904614495
297 0.005544365786417212
298 0.050376159824743326
299 0.004758671341037194
300 0.050148497159284905
301 0.0039463273046899915
302 0.049921086934981845
303 0.003147988551628525
304 0.04968778756135492
305 0.0023469049161674374
306 0.04943958783659347
307 0.0015922304298827787
308 0.049211877934600565
309 0.0007858034591777807
310 0.04894218181413666
311 3.884618895513836e-05
312 0.048668847043595614
313 -0.0007376325990850092
314 0.04838178003024566
315 -0.0015151438699566866
316 0.04811452587759625
317 -0.002271680928643549
318 0.047826044805365814
319 -0.003032708960585967
320 0.04753900321661136
321 -0.003785632215260064
322 0.04722354270750387
323 -0.004542535629870406
324 0.046938538859971374
325 -0.005286306958468025
326 0.046606379754874375
327 -0.006018307533409727
328 0.046279808371176866
329 -0.006754580724900851
330 0.0459437465185399
331 -0.0074866441287574845
332 0.04561301740483761
333 -0.008202009350788048
334 0.04527292669903398
335 -0.008935522036520281
336 0.04489829423390333
337 -0.009658971993641761
338 0.04455089775746124
339 -0.010366751253418384
340 0.04418155058743056
341 -0.011076558904285654
342 0.04380314411794556
343 -0.011784305426229894
344 0.04342520983521447
345 -0.012465146117557988
346 0.043035212940022674
347 -0.013166533935308214
348 0.04264911156998215
349 -0.013862219495886341
350 0.04224799004215168
351 -0.014557207565452264
352 0.04182618494845056
353 -0.01524551977338199
354 0.04142505497082672
355 -0.015913069641116044
356 0.040989366865815134
357 -0.016590676945376033
358 0.04056569640726299
359 -0.017256033151237936
360 0.04013581808439262
361 -0.017922713884586744
362 0.039689790242325614
363 -0.01857667865727016
364 0.03924180094305377
365 -0.019234006702803536
366 0.03878875784044937
367 -0.01987942812351865
368 0.03833241122350109
369 -0.02051979325597393
370 0.037862981651587684
371 -0.02115921712318402
372 0.03738912673928742
373 -0.021799616226992495
374 0.03690839658921921
375 -0.022428383592432162
376 0.036425904157295456
377 -0.023053334786113294
378 0.03593287008377705
379 -0.023670705290517097
380 0.03543535810239532
381 -0.024285044357888343
382 0.034930897752755936
383 -0.02489292573345657
384 0.03442396613019025
385 -0.02549741338853294
386 0.03390838285993723
387 -0.0260954946556251
388 0.03338685372406597
389 -0.026689426115792933
390 0.032858566798609525
391 -0.02727804884019866
392 0.032326209713903424
393 -0.02785994151839053
394 0.03178798303995941
395 -0.0284387106475303
396 0.031243223479951586
397 -0.02901020259046624
398 0.030693440082464402
399 -0.029576977118357325
